architecture
lambda epoch: val_acc  f1 prec recall          f1_max (acc)    auc loss tr_acc

6|1
0.0000 1719: 0.917    0.872 0.895 0.850       0.872 (0.917)   0.909 0.367 0.911

0.0001 1527: 0.917    0.872 0.895 0.850       0.872 (0.917)   0.912 0.373 0.905

12|1
0.0000 2005: 0.883    0.800 0.933 0.700       0.800 (0.883)   0.918 0.394 0.961

18|1
0.0000 758: 0.883     0.811 0.882 0.750       0.811 (0.883)   0.919 0.350 0.866

6|4|1
0.0000 1196: 0.883      0.821 0.842 0.800       0.821 (0.883)   0.921 0.358 0.832

6|8|1
0.0000 1003: 0.900      0.842 0.889 0.800       0.842 (0.900)   0.899 0.368 0.849

6|16|1
0.0000 1632: 0.900      0.857 0.818 0.900       0.857 (0.900)   0.897 0.449 0.961

6|64|1
0.0000 772: 0.883       0.811 0.882 0.750       0.811 (0.883)   0.907 0.355 0.916

6|128|1
0.0000 651: 0.883       0.800 0.933 0.700       0.800 (0.883)   0.925 0.337 0.888

12|6|1
0.0000 736: 0.900       0.842 0.889 0.800       0.842 (0.900)   0.914 0.366 0.8